[2, 4, 5, 6, 7, 10, 12, 13, 14, 23, 26, 34, 48, 49, 58, 59, 60, 62, 65, 68, 69, 70, 73, 78, 85, 93, 99, 101, 104, 119, 127, 128, 131, 135, 149, 151, 154, 155, 157, 166, 168, 169, 171, 172, 184, 189, 193, 195, 196, 201, 207, 210, 213, 223, 227, 231]
[5, 6, 12, 14, 21, 26, 34, 42, 49, 59, 60, 62, 73, 75, 78, 93, 99, 102, 119, 127, 135, 149, 151, 154, 157, 168, 169, 172, 184, 189, 190, 193, 201, 207, 210, 213, 219, 223, 227]
[4, 10, 13, 15, 21, 34, 35, 38, 47, 59, 67, 78, 79, 101, 109, 119, 124, 129, 149, 151, 154, 162, 166, 168, 171, 172, 189, 193, 201, 210, 227]
[13, 71, 90, 172, 195, 196, 219, 225]
[5, 6, 34, 69, 70, 74, 78, 79, 99, 127, 154, 206, 227]
[10, 21, 48, 65, 99, 109, 119, 157, 162, 166, 171, 172, 174, 189, 193, 212, 219, 223]
[5, 10, 12, 14, 34, 62, 69, 95, 99, 127, 149, 166, 168, 174, 200, 201, 208, 210, 223]
[6, 7, 34, 48, 59, 65, 68, 69, 70, 73, 75, 78, 90, 99, 103, 104, 118, 135, 143, 154, 157, 160, 166, 184, 196, 206, 213]
[4, 5, 6, 10, 12, 14, 23, 26, 34, 49, 59, 60, 62, 68, 69, 75, 78, 80, 85, 90, 93, 99, 102, 104, 106, 109, 119, 122, 127, 131, 135, 149, 155, 157, 160, 166, 168, 169, 172, 184, 187, 189, 190, 195, 196, 200, 201, 207, 208, 210, 223, 227]
[5, 6, 12, 48, 58, 73, 105, 113, 127, 149, 166, 172, 219]
[4, 5, 6, 7, 12, 14, 21, 26, 34, 42, 48, 49, 65, 68, 69, 70, 73, 74, 78, 79, 99, 113, 118, 127, 135, 142, 154, 155, 157, 160, 168, 169, 171, 172, 184, 190, 195, 196, 206, 207, 213]
[6, 70, 102, 118, 128, 150, 162, 210, 231]


[2, 14, 73, 118, 162]
[5, 10, 12, 14, 62, 69, 99, 127, 149, 166, 168, 172, 200, 201]
