test1   test2   accept
6.5 	5110    0
7.0 	4150    1
7.6 	53750   1
7.6 	1030    0
7.0 	8244.4  1
8.5 	5973.4  1
6.4 	5340.4  0
7.8 	4789.3  1
6.2 	4663.3  0
7.2	    4543    1
6.4 	4327.6  0
7.4	    3762.4  1
7.6	    3625    1
6.7	    2103.5  0
6.6	    1727.8  0
7.1	    1720.1  0
5.8	    1603.2  0
6.4	    1579.4  0
7.0	    829.4   0
7.2	    688.7   0
6.4	    674.9   0
8.3	    673.5   1
7.2	    641.9   0
7.3 	620.8   0
5.0 	602.4   0
8.0	    564.2   1
5.5	    460.2   0
7.9	    408.8   1
5.9	    393.4   0
7.4	    385.5   0
6.8	    285.2   0
5.9	    225.2   0
5.5	    215.6   0
6.8	    205.6   0
7.1	    195.7   0
7.4	    178.7   0
8.3	    171.1   1
6.2	    162.0   0
6.4	    135.3   0
4.9 	134.6   0
7.2	    134.2   0
6.9	    124.7   0
8.0	    115.2   1
6.8	    109.1   0
7.7	    101.7   1
6.2	    95.00   0
8.3	    87.70   1
7.8	    87.40   1
6.4	    86.00   0
6.6	    73.00   0
6.7	    65.80   0
6.6	    57.10   0
6.8	    53.50   0
6.7	    51.70   0
6.2	    48.80   0
7.7	    48.10   1
7.5	    46.20   0
7.6	    41.30   0
5.6	    39.50   0
6.5	    38.90   0
6.5	    38.40   0
7.0	    36.50   0
6.3	    34.40   0
7.0	    31.80   0
6.8	    31.20   0
8.1	    29.10   1
6.7	    27.90   0
5.5	    27.80   0
6.8	    27.80   0
5.5	    27.60   0
6.1	    27.00   0
7.2	    26.50   0
6.0	    26.10   0
6.9	    24.90   0
3.6 	23.20   0
6.0	    20.80   0
8.1	    36510   1
6.9	    33980   0
8.8	    30980   1
6.7	    25450   0
8.1	    23900   1
6.0	    22370   0
7.3	    18660   0
8.0	    18480   1
7.2	    16960   0
6.5	    16470   0
8.3	    13970   1
6.3	    13610   0
7.6	    13530   0
7.8	    12710   1